[[-2 -2 -4]
 [ 2 -2 -4]
 [ 0  2 -4]]
[[-2  0 -6]
 [ 2  0 -6]
 [ 0  2 -6]]
[[ 0 -1 -8]
 [ 2  2 -7]
 [ 1  4 -9]]
[[-2.         -1.99269586 -4.13937128]
 [ 2.         -1.99269586 -4.13937128]
 [ 0.          1.98539172 -3.72125743]]
[[-1.98904379  0.         -5.79094307]
 [ 1.98904379  0.         -6.20905693]
 [ 0.          2.         -6.        ]]
[[ 0.28422067 -1.08992018 -8.        ]
 [ 1.95967907  2.10270243 -7.        ]
 [ 0.75610025  3.98721776 -9.        ]]
[[-2.         -1.97086347 -4.27721559]
 [ 2.         -1.97086347 -4.27721559]
 [ 0.          1.94172694 -3.44556882]]
[[-1.9562952   0.         -5.58417662]
 [ 1.9562952   0.         -6.41582338]
 [ 0.          2.         -6.        ]]
[[ 0.57628357 -1.14963863 -8.        ]
 [ 1.9088437   2.20062756 -7.        ]
 [ 0.51487272  3.94901107 -9.        ]]
[[-2.         -1.93474202 -4.41202266]
 [ 2.         -1.93474202 -4.41202266]
 [ 0.          1.86948404 -3.17595468]]
[[-1.90211303  0.         -5.38196601]
 [ 1.90211303  0.         -6.61803399]
 [ 0.          2.         -6.        ]]
[[ 0.8729888  -1.17850104 -8.        ]
 [ 1.84805085  2.2927025  -7.        ]
 [ 0.27896035  3.88579854 -9.        ]]
[[-2.         -1.88472728 -4.54231552]
 [ 2.         -1.88472728 -4.54231552]
 [ 0.          1.76945455 -2.91536895]]
[[-1.82709092  0.         -5.18652671]
 [ 1.82709092  0.         -6.81347329]
 [ 0.          2.         -6.        ]]
[[ 1.17108559 -1.1761912  -8.        ]
 [ 1.77796658  2.37791846 -7.        ]
 [ 0.05094783  3.79827273 -9.        ]]
[[-2.         -1.82136721 -4.66666667]
 [ 2.         -1.82136721 -4.66666667]
 [ 0.          1.64273441 -2.66666667]]
[[-1.73205081  0.         -5.        ]
 [ 1.73205081  0.         -7.        ]
 [ 0.          2.         -6.        ]]
[[ 1.46730793 -1.14273441 -8.        ]
 [ 1.69935874  2.4553418  -7.        ]
 [-0.16666667  3.68739261 -9.        ]]
[[-2.         -1.74535599 -4.78371367]
 [ 2.         -1.74535599 -4.78371367]
 [ 0.          1.49071198 -2.43257266]]
[[-1.61803399  0.         -4.8244295 ]
 [ 1.61803399  0.         -7.1755705 ]
 [ 0.          2.         -6.        ]]
[[ 1.75841035 -1.07849724 -8.        ]
 [ 1.61308858  2.52412425 -7.        ]
 [-0.37149892  3.55437299 -9.        ]]
[[-2.         -1.65752643 -4.89217414]
 [ 2.         -1.65752643 -4.89217414]
 [ 0.          1.31505287 -2.21565172]]
[[-1.48628965  0.         -4.66173879]
 [ 1.48628965  0.         -7.33826121]
 [ 0.          2.         -6.        ]]
[[ 2.04120346 -0.98418347 -8.        ]
 [ 1.52010129  2.58351221 -7.        ]
 [-0.56130475  3.40067126 -9.        ]]
[[-2.         -1.55884081 -4.99085977]
 [ 2.         -1.55884081 -4.99085977]
 [ 0.          1.11768162 -2.01828047]]
[[-1.33826121  0.         -4.51371035]
 [ 1.33826121  0.         -7.48628965]
 [ 0.          2.         -6.        ]]
[[ 2.31258893 -0.86082644 -8.        ]
 [ 1.42141566  2.63285503 -7.        ]
 [-0.73400459  3.22797141 -9.        ]]
[[-2.         -1.45038034 -5.07868933]
 [ 2.         -1.45038034 -5.07868933]
 [ 0.          0.90076067 -1.84262135]]
[[-1.1755705   0.         -4.38196601]
 [ 1.1755705   0.         -7.61803399]
 [ 0.          2.         -6.        ]]
[[ 2.5695934  -0.70977767 -8.        ]
 [ 1.31811292  2.67161208 -7.        ]
 [-0.88770632  3.03816559 -9.        ]]
[[-2.         -1.33333333 -5.15470054]
 [ 2.         -1.33333333 -5.15470054]
 [ 0.          0.66666667 -1.69059892]]
[[-1.          0.         -4.26794919]
 [ 1.          0.         -7.73205081]
 [ 0.          2.         -6.        ]]
[[ 2.80940108 -0.53269207 -8.        ]
 [ 1.21132487  2.69935874 -7.        ]
 [-1.02072594  2.83333333 -9.        ]]
[[-2.         -1.20898219 -5.21806061]
 [ 2.         -1.20898219 -5.21806061]
 [ 0.          0.41796438 -1.56387878]]
[[-0.81347329  0.         -4.17290908]
 [ 0.81347329  0.         -7.82709092]
 [ 0.          2.         -6.        ]]
[[ 3.02938458 -0.33150984 -8.        ]
 [ 1.10222149  2.71579101 -7.        ]
 [-1.13160607  2.61571883 -9.        ]]
[[-2.         -1.07868933 -5.26807536]
 [ 2.         -1.07868933 -5.26807536]
 [ 0.          0.15737865 -1.46384929]]
[[-0.61803399  0.         -4.09788697]
 [ 0.61803399  0.         -7.90211303]
 [ 0.          2.         -6.        ]]
[[ 3.22713372 -0.10843517 -8.        ]
 [ 0.99199816  2.72072885 -7.        ]
 [-1.21913187  2.38770632 -9.        ]]
[[-2.         -0.94388225 -5.3041968 ]
 [ 2.         -0.94388225 -5.3041968 ]
 [ 0.         -0.11223549 -1.3916064 ]]
[[-0.41582338  0.         -4.0437048 ]
 [ 0.41582338  0.         -7.9562952 ]
 [ 0.          2.         -6.        ]]
[[ 3.40048191  0.13408789 -8.        ]
 [ 0.88186249  2.71411816 -7.        ]
 [-1.2823444   2.15179395 -9.        ]]
[[-2.         -0.80603795 -5.32602919]
 [ 2.         -0.80603795 -5.32602919]
 [ 0.         -0.3879241  -1.34794161]]
[[-0.20905693  0.         -4.01095621]
 [ 0.20905693  0.         -7.98904379]
 [ 0.          2.         -6.        ]]
[[ 3.54752992  0.3934022  -8.        ]
 [ 0.77302116  2.69603138 -7.        ]
 [-1.32055109  1.91056641 -9.        ]]
[[-2.         -0.66666667 -5.33333333]
 [ 2.         -0.66666667 -5.33333333]
 [ 0.         -0.66666667 -1.33333333]]
[[-4.99600361e-16  0.00000000e+00 -4.00000000e+00]
 [ 4.99600361e-16  0.00000000e+00 -8.00000000e+00]
 [ 0.00000000e+00  2.00000000e+00 -6.00000000e+00]]
[[ 3.66666667  0.66666667 -8.        ]
 [ 0.66666667  2.66666667 -7.        ]
 [-1.33333333  1.66666667 -9.        ]]
[[-2.         -0.52729538 -5.32602919]
 [ 2.         -0.52729538 -5.32602919]
 [ 0.         -0.94540924 -1.34794161]]
[[ 0.20905693  0.         -4.01095621]
 [-0.20905693  0.         -7.98904379]
 [ 0.          2.         -6.        ]]
[[ 3.75658685  0.95088734 -8.        ]
 [ 0.56396424  2.62634574 -7.        ]
 [-1.32055109  1.42276692 -9.        ]]
[[-2.         -0.38945108 -5.3041968 ]
 [ 2.         -0.38945108 -5.3041968 ]
 [ 0.         -1.22109784 -1.3916064 ]]
[[ 4.15823382e-01  0.00000000e+00 -4.04370480e+00]
 [-4.15823382e-01  0.00000000e+00 -7.95629520e+00]
 [ 5.06826491e-20  2.00000000e+00 -6.00000000e+00]]
[[ 3.81630529  1.24295024 -8.        ]
 [ 0.46603911  2.57551037 -7.        ]
 [-1.2823444   1.18153939 -9.        ]]
[[-2.         -0.25464401 -5.26807536]
 [ 2.         -0.25464401 -5.26807536]
 [ 0.         -1.49071198 -1.46384929]]
[[ 6.18033989e-01  0.00000000e+00 -4.09788697e+00]
 [-6.18033989e-01  0.00000000e+00 -7.90211303e+00]
 [ 1.51862851e-19  2.00000000e+00 -6.00000000e+00]]
[[ 3.8451677   1.53965547 -8.        ]
 [ 0.37396417  2.51471752 -7.        ]
 [-1.21913187  0.94562701 -9.        ]]
[[-2.         -0.12435114 -5.21806061]
 [ 2.         -0.12435114 -5.21806061]
 [ 0.         -1.75129771 -1.56387878]]
[[ 8.13473286e-01  0.00000000e+00 -4.17290908e+00]
 [-8.13473286e-01  0.00000000e+00 -7.82709092e+00]
 [ 3.54038833e-19  2.00000000e+00 -6.00000000e+00]]
[[ 3.84285786  1.83775226 -8.        ]
 [ 0.2887482   2.44463324 -7.        ]
 [-1.13160607  0.7176145  -9.        ]]
[[-2.00000000e+00  2.22044605e-16 -5.15470054e+00]
 [ 2.00000000e+00  2.22044605e-16 -5.15470054e+00]
 [ 0.00000000e+00 -2.00000000e+00 -1.69059892e+00]]
[[ 1.00000000e+00  0.00000000e+00 -4.26794919e+00]
 [-1.00000000e+00  0.00000000e+00 -7.73205081e+00]
 [ 5.55476455e-19  2.00000000e+00 -6.00000000e+00]]
[[ 3.80940108  2.1339746  -8.        ]
 [ 0.21132487  2.3660254  -7.        ]
 [-1.02072594  0.5        -9.        ]]
[[-2.          0.117047   -5.07868933]
 [ 2.          0.117047   -5.07868933]
 [ 0.         -2.23409401 -1.84262135]]
[[ 1.17557050e+00  0.00000000e+00 -4.38196601e+00]
 [-1.17557050e+00  0.00000000e+00 -7.61803399e+00]
 [ 5.53447817e-19  2.00000000e+00 -6.00000000e+00]]
[[ 3.7451639   2.42507701 -8.        ]
 [ 0.14254242  2.27975524 -7.        ]
 [-0.88770632  0.29516774 -9.        ]]
[[-2.          0.22550748 -4.99085977]
 [ 2.          0.22550748 -4.99085977]
 [ 0.         -2.45101495 -2.01828047]]
[[ 1.33826121e+00  0.00000000e+00 -4.51371035e+00]
 [-1.33826121e+00  0.00000000e+00 -7.48628965e+00]
 [ 5.51426587e-19  2.00000000e+00 -6.00000000e+00]]
[[ 3.65085014  2.70787012 -8.        ]
 [ 0.08315445  2.18676796 -7.        ]
 [-0.73400459  0.10536192 -9.        ]]
[[-2.          0.3241931  -4.89217414]
 [ 2.          0.3241931  -4.89217414]
 [ 0.         -2.6483862  -2.21565172]]
[[ 1.48628965e+00  0.00000000e+00 -4.66173879e+00]
 [-1.48628965e+00  0.00000000e+00 -7.33826121e+00]
 [ 5.49412738e-19  2.00000000e+00 -6.00000000e+00]]
[[ 3.52749311  2.97925559 -8.        ]
 [ 0.03381164  2.08808233 -7.        ]
 [-0.56130475 -0.06733793 -9.        ]]
[[-2.          0.41202266 -4.78371367]
 [ 2.          0.41202266 -4.78371367]
 [ 0.         -2.82404532 -2.43257266]]
[[ 1.61803399e+00  0.00000000e+00 -4.82442950e+00]
 [-1.61803399e+00  0.00000000e+00 -7.17557050e+00]
 [ 5.47406245e-19  2.00000000e+00 -6.00000000e+00]]
[[ 3.37644433e+00  3.23626007e+00 -8.00000000e+00]
 [-4.94541181e-03  1.98477959e+00 -7.00000000e+00]
 [-3.71498922e-01 -2.21039654e-01 -9.00000000e+00]]
[[-2.          0.48803387 -4.66666667]
 [ 2.          0.48803387 -4.66666667]
 [ 0.         -2.97606774 -2.66666667]]
[[ 1.73205081e+00  0.00000000e+00 -5.00000000e+00]
 [-1.73205081e+00  0.00000000e+00 -7.00000000e+00]
 [ 5.45407079e-19  2.00000000e+00 -6.00000000e+00]]
[[ 3.19935874  3.47606774 -8.        ]
 [-0.03269207  1.87799153 -7.        ]
 [-0.16666667 -0.35405928 -9.        ]]
[[-2.          0.55139394 -4.54231552]
 [ 2.          0.55139394 -4.54231552]
 [ 0.         -3.10278789 -2.91536895]]
[[ 1.82709092e+00  0.00000000e+00 -5.18652671e+00]
 [-1.82709092e+00  0.00000000e+00 -6.81347329e+00]
 [ 5.43415214e-19  2.00000000e+00 -6.00000000e+00]]
[[ 2.99817651  3.69605124 -8.        ]
 [-0.04912434  1.76888816 -7.        ]
 [ 0.05094783 -0.4649394  -9.        ]]
[[-2.          0.60140869 -4.41202266]
 [ 2.          0.60140869 -4.41202266]
 [ 0.         -3.20281738 -3.17595468]]
[[ 1.90211303e+00  0.00000000e+00 -5.38196601e+00]
 [-1.90211303e+00  0.00000000e+00 -6.61803399e+00]
 [ 5.41430624e-19  2.00000000e+00 -6.00000000e+00]]
[[ 2.77510183  3.89380038 -8.        ]
 [-0.05406218  1.65866482 -7.        ]
 [ 0.27896035 -0.5524652  -9.        ]]
[[-2.          0.63753013 -4.27721559]
 [ 2.          0.63753013 -4.27721559]
 [ 0.         -3.27506027 -3.44556882]]
[[ 1.95629520e+00  0.00000000e+00 -5.58417662e+00]
 [-1.95629520e+00  0.00000000e+00 -6.41582338e+00]
 [ 5.39453281e-19  2.00000000e+00 -6.00000000e+00]]
[[ 2.53257878  4.06714858 -8.        ]
 [-0.0474515   1.54852916 -7.        ]
 [ 0.51487272 -0.61567774 -9.        ]]
[[-2.          0.65936253 -4.13937128]
 [ 2.          0.65936253 -4.13937128]
 [ 0.         -3.31872505 -3.72125743]]
[[ 1.98904379e+00  0.00000000e+00 -5.79094307e+00]
 [-1.98904379e+00  0.00000000e+00 -6.20905693e+00]
 [ 5.37483160e-19  2.00000000e+00 -6.00000000e+00]]
[[ 2.27326446  4.21419659 -8.        ]
 [-0.02936472  1.43968783 -7.        ]
 [ 0.75610025 -0.65388442 -9.        ]]
[[-2.          0.66666667 -4.        ]
 [ 2.          0.66666667 -4.        ]
 [ 0.         -3.33333333 -4.        ]]
[[ 2.00000000e+00  0.00000000e+00 -6.00000000e+00]
 [-2.00000000e+00  0.00000000e+00 -6.00000000e+00]
 [ 5.35520234e-19  2.00000000e+00 -6.00000000e+00]]
[[ 2.00000000e+00  4.33333333e+00 -8.00000000e+00]
 [-1.33226763e-15  1.33333333e+00 -7.00000000e+00]
 [ 1.00000000e+00 -6.66666667e-01 -9.00000000e+00]]
[[-2.          0.65936253 -3.86062872]
 [ 2.          0.65936253 -3.86062872]
 [ 0.         -3.31872505 -4.27874257]]
[[ 1.98904379e+00  0.00000000e+00 -6.20905693e+00]
 [-1.98904379e+00  0.00000000e+00 -5.79094307e+00]
 [ 5.33564477e-19  2.00000000e+00 -6.00000000e+00]]
[[ 1.71577933  4.42325352 -8.        ]
 [ 0.04032093  1.2306309  -7.        ]
 [ 1.24389975 -0.65388442 -9.        ]]
[[-2.          0.63753013 -3.72278441]
 [ 2.          0.63753013 -3.72278441]
 [ 0.         -3.27506027 -4.55443118]]
[[ 1.95629520e+00  0.00000000e+00 -6.41582338e+00]
 [-1.95629520e+00  0.00000000e+00 -5.58417662e+00]
 [ 5.31615863e-19  2.00000000e+00 -6.00000000e+00]]
[[ 1.42371643  4.48297196 -8.        ]
 [ 0.0911563   1.13270578 -7.        ]
 [ 1.48512728 -0.61567774 -9.        ]]
[[-2.          0.60140869 -3.58797734]
 [ 2.          0.60140869 -3.58797734]
 [ 0.         -3.20281738 -4.82404532]]
[[ 1.90211303e+00  0.00000000e+00 -6.61803399e+00]
 [-1.90211303e+00  0.00000000e+00 -5.38196601e+00]
 [ 5.29674364e-19  2.00000000e+00 -6.00000000e+00]]
[[ 1.1270112   4.51183437 -8.        ]
 [ 0.15194915  1.04063083 -7.        ]
 [ 1.72103965 -0.5524652  -9.        ]]
[[-2.          0.55139394 -3.45768448]
 [ 2.          0.55139394 -3.45768448]
 [ 0.         -3.10278789 -5.08463105]]
[[ 1.82709092e+00  0.00000000e+00 -6.81347329e+00]
 [-1.82709092e+00  0.00000000e+00 -5.18652671e+00]
 [ 5.27739957e-19  2.00000000e+00 -6.00000000e+00]]
[[ 0.82891441  4.50952453 -8.        ]
 [ 0.22203342  0.95541487 -7.        ]
 [ 1.94905217 -0.4649394  -9.        ]]
[[-2.          0.48803387 -3.33333333]
 [ 2.          0.48803387 -3.33333333]
 [ 0.         -2.97606774 -5.33333333]]
[[ 1.73205081e+00  0.00000000e+00 -7.00000000e+00]
 [-1.73205081e+00  0.00000000e+00 -5.00000000e+00]
 [ 5.25812613e-19  2.00000000e+00 -6.00000000e+00]]
[[ 0.53269207  4.47606774 -8.        ]
 [ 0.30064126  0.87799153 -7.        ]
 [ 2.16666667 -0.35405928 -9.        ]]
[[-2.          0.41202266 -3.21628633]
 [ 2.          0.41202266 -3.21628633]
 [ 0.         -2.82404532 -5.56742734]]
[[ 1.61803399e+00  0.00000000e+00 -7.17557050e+00]
 [-1.61803399e+00  0.00000000e+00 -4.82442950e+00]
 [ 5.23892309e-19  2.00000000e+00 -6.00000000e+00]]
[[ 0.24158965  4.41183057 -8.        ]
 [ 0.38691142  0.80920908 -7.        ]
 [ 2.37149892 -0.22103965 -9.        ]]
[[-2.          0.3241931  -3.10782586]
 [ 2.          0.3241931  -3.10782586]
 [ 0.         -2.6483862  -5.78434828]]
[[ 1.48628965e+00  0.00000000e+00 -7.33826121e+00]
 [-1.48628965e+00  0.00000000e+00 -4.66173879e+00]
 [ 5.21979018e-19  2.00000000e+00 -6.00000000e+00]]
[[-0.04120346  4.31751681 -8.        ]
 [ 0.47989871  0.74982112 -7.        ]
 [ 2.56130475 -0.06733793 -9.        ]]
[[-2.          0.22550748 -3.00914023]
 [ 2.          0.22550748 -3.00914023]
 [ 0.         -2.45101495 -5.98171953]]
[[ 1.33826121e+00  0.00000000e+00 -7.48628965e+00]
 [-1.33826121e+00  0.00000000e+00 -4.51371035e+00]
 [ 5.20072714e-19  2.00000000e+00 -6.00000000e+00]]
[[-0.31258893  4.19415978 -8.        ]
 [ 0.57858434  0.70047831 -7.        ]
 [ 2.73400459  0.10536192 -9.        ]]
[[-2.          0.117047   -2.92131067]
 [ 2.          0.117047   -2.92131067]
 [ 0.         -2.23409401 -6.15737865]]
[[ 1.17557050e+00  0.00000000e+00 -7.61803399e+00]
 [-1.17557050e+00  0.00000000e+00 -4.38196601e+00]
 [ 5.18173372e-19  2.00000000e+00 -6.00000000e+00]]
[[-0.5695934   4.043111   -8.        ]
 [ 0.68188708  0.66172125 -7.        ]
 [ 2.88770632  0.29516774 -9.        ]]
[[-2.00000000e+00  3.10862447e-15 -2.84529946e+00]
 [ 2.00000000e+00  3.10862447e-15 -2.84529946e+00]
 [ 0.00000000e+00 -2.00000000e+00 -6.30940108e+00]]
[[ 1.00000000e+00  0.00000000e+00 -7.73205081e+00]
 [-1.00000000e+00  0.00000000e+00 -4.26794919e+00]
 [ 5.16280967e-19  2.00000000e+00 -6.00000000e+00]]
[[-0.80940108  3.8660254  -8.        ]
 [ 0.78867513  0.6339746  -7.        ]
 [ 3.02072594  0.5        -9.        ]]
[[-2.         -0.12435114 -2.78193939]
 [ 2.         -0.12435114 -2.78193939]
 [ 0.         -1.75129771 -6.43612122]]
[[ 8.13473286e-01  0.00000000e+00 -7.82709092e+00]
 [-8.13473286e-01  0.00000000e+00 -4.17290908e+00]
 [ 5.14395473e-19  2.00000000e+00 -6.00000000e+00]]
[[-1.02938458  3.66484317 -8.        ]
 [ 0.89777851  0.61754233 -7.        ]
 [ 3.13160607  0.7176145  -9.        ]]
[[-2.         -0.25464401 -2.73192464]
 [ 2.         -0.25464401 -2.73192464]
 [ 0.         -1.49071198 -6.53615071]]
[[ 6.18033989e-01  0.00000000e+00 -7.90211303e+00]
 [-6.18033989e-01  0.00000000e+00 -4.09788697e+00]
 [ 5.12516865e-19  2.00000000e+00 -6.00000000e+00]]
[[-1.22713372  3.4417685  -8.        ]
 [ 1.00800184  0.61260449 -7.        ]
 [ 3.21913187  0.94562701 -9.        ]]
[[-2.         -0.38945108 -2.6958032 ]
 [ 2.         -0.38945108 -2.6958032 ]
 [ 0.         -1.22109784 -6.6083936 ]]
[[ 4.15823382e-01  0.00000000e+00 -7.95629520e+00]
 [-4.15823382e-01  0.00000000e+00 -4.04370480e+00]
 [ 5.10645117e-19  2.00000000e+00 -6.00000000e+00]]
[[-1.40048191  3.19924544 -8.        ]
 [ 1.11813751  0.61921517 -7.        ]
 [ 3.2823444   1.18153939 -9.        ]]
[[-2.         -0.52729538 -2.67397081]
 [ 2.         -0.52729538 -2.67397081]
 [ 0.         -0.94540924 -6.65205839]]
[[ 2.09056927e-01  0.00000000e+00 -7.98904379e+00]
 [-2.09056927e-01  0.00000000e+00 -4.01095621e+00]
 [ 5.08780206e-19  2.00000000e+00 -6.00000000e+00]]
[[-1.54752992  2.93993113 -8.        ]
 [ 1.22697884  0.63730195 -7.        ]
 [ 3.32055109  1.42276692 -9.        ]]
[[-2.         -0.66666667 -2.66666667]
 [ 2.         -0.66666667 -2.66666667]
 [ 0.         -0.66666667 -6.66666667]]
[[-2.77386163e-16  0.00000000e+00 -8.00000000e+00]
 [ 2.77725350e-16  0.00000000e+00 -4.00000000e+00]
 [ 5.06922105e-19  2.00000000e+00 -6.00000000e+00]]
[[-1.66666667  2.66666667 -8.        ]
 [ 1.33333333  0.66666667 -7.        ]
 [ 3.33333333  1.66666667 -9.        ]]
[[-2.         -0.80603795 -2.67397081]
 [ 2.         -0.80603795 -2.67397081]
 [ 0.         -0.3879241  -6.65205839]]
[[-2.09056927e-01  0.00000000e+00 -7.98904379e+00]
 [ 2.09056927e-01  0.00000000e+00 -4.01095621e+00]
 [ 5.05690157e-19  2.00000000e+00 -6.00000000e+00]]
[[-1.75658685  2.38244599 -8.        ]
 [ 1.43603576  0.70698759 -7.        ]
 [ 3.32055109  1.91056641 -9.        ]]
[[-2.         -0.94388225 -2.6958032 ]
 [ 2.         -0.94388225 -2.6958032 ]
 [ 0.         -0.11223549 -6.6083936 ]]
[[-4.15823382e-01  0.00000000e+00 -7.95629520e+00]
 [ 4.15823382e-01  0.00000000e+00 -4.04370480e+00]
 [ 4.02478043e-19  2.00000000e+00 -6.00000000e+00]]
[[-1.81630529  2.09038309 -8.        ]
 [ 1.53396089  0.75782296 -7.        ]
 [ 3.2823444   2.15179395 -9.        ]]
[[-2.         -1.07868933 -2.73192464]
 [ 2.         -1.07868933 -2.73192464]
 [ 0.          0.15737865 -6.53615071]]
[[-6.18033989e-01  0.00000000e+00 -7.90211303e+00]
 [ 6.18033989e-01  0.00000000e+00 -4.09788697e+00]
 [ 2.99642867e-19  2.00000000e+00 -6.00000000e+00]]
[[-1.8451677   1.79367786 -8.        ]
 [ 1.62603583  0.81861582 -7.        ]
 [ 3.21913187  2.38770632 -9.        ]]
[[-2.         -1.20898219 -2.78193939]
 [ 2.         -1.20898219 -2.78193939]
 [ 0.          0.41796438 -6.43612122]]
[[-8.13473286e-01  0.00000000e+00 -7.82709092e+00]
 [ 8.13473286e-01  0.00000000e+00 -4.17290908e+00]
 [ 9.58179538e-20  2.00000000e+00 -6.00000000e+00]]
[[-1.84285786  1.49558108 -8.        ]
 [ 1.7112518   0.88870009 -7.        ]
 [ 3.13160607  2.61571883 -9.        ]]
[[-2.         -1.33333333 -2.84529946]
 [ 2.         -1.33333333 -2.84529946]
 [ 0.          0.66666667 -6.30940108]]
[[-1.00000000e+00  0.00000000e+00 -7.73205081e+00]
 [ 1.00000000e+00  0.00000000e+00 -4.26794919e+00]
 [-3.09993173e-19  2.00000000e+00 -6.00000000e+00]]
[[-1.80940108  1.19935874 -8.        ]
 [ 1.78867513  0.96730793 -7.        ]
 [ 3.02072594  2.83333333 -9.        ]]
[[-2.         -1.45038034 -2.92131067]
 [ 2.         -1.45038034 -2.92131067]
 [ 0.          0.90076067 -6.15737865]]
[[-1.17557050e+00  0.00000000e+00 -7.61803399e+00]
 [ 1.17557050e+00  0.00000000e+00 -4.38196601e+00]
 [-7.14322249e-19  2.00000000e+00 -6.00000000e+00]]
[[-1.7451639   0.90825632 -8.        ]
 [ 1.85745758  1.05357809 -7.        ]
 [ 2.88770632  3.03816559 -9.        ]]
[[-2.         -1.55884081 -3.00914023]
 [ 2.         -1.55884081 -3.00914023]
 [ 0.          1.11768162 -5.98171953]]
[[-1.33826121e+00  0.00000000e+00 -7.48628965e+00]
 [ 1.33826121e+00  0.00000000e+00 -4.51371035e+00]
 [-1.11717469e-18  2.00000000e+00 -6.00000000e+00]]
[[-1.65085014  0.62546321 -8.        ]
 [ 1.91684555  1.14656538 -7.        ]
 [ 2.73400459  3.22797141 -9.        ]]
[[-2.         -1.65752643 -3.10782586]
 [ 2.         -1.65752643 -3.10782586]
 [ 0.          1.31505287 -5.78434828]]
[[-1.48628965e+00  0.00000000e+00 -7.33826121e+00]
 [ 1.48628965e+00  0.00000000e+00 -4.66173879e+00]
 [-1.51855588e-18  2.00000000e+00 -6.00000000e+00]]
[[-1.52749311  0.35407774 -8.        ]
 [ 1.96618836  1.245251   -7.        ]
 [ 2.56130475  3.40067126 -9.        ]]
[[-2.         -1.74535599 -3.21628633]
 [ 2.         -1.74535599 -3.21628633]
 [ 0.          1.49071198 -5.56742734]]
[[-1.61803399e+00  0.00000000e+00 -7.17557050e+00]
 [ 1.61803399e+00  0.00000000e+00 -4.82442950e+00]
 [-2.32393239e-18  2.00000000e+00 -6.00000000e+00]]
[[-1.37644433  0.09707327 -8.        ]
 [ 2.00494541  1.34855375 -7.        ]
 [ 2.37149892  3.55437299 -9.        ]]
[[-2.         -1.82136721 -3.33333333]
 [ 2.         -1.82136721 -3.33333333]
 [ 0.          1.64273441 -5.33333333]]
[[-1.73205081e+00  0.00000000e+00 -7.00000000e+00]
 [ 1.73205081e+00  0.00000000e+00 -5.00000000e+00]
 [-3.53182881e-18  2.00000000e+00 -6.00000000e+00]]
[[-1.19935874 -0.14273441 -8.        ]
 [ 2.03269207  1.4553418  -7.        ]
 [ 2.16666667  3.68739261 -9.        ]]
[[-2.         -1.88472728 -3.45768448]
 [ 2.         -1.88472728 -3.45768448]
 [ 0.          1.76945455 -5.08463105]]
[[-1.82709092e+00  0.00000000e+00 -6.81347329e+00]
 [ 1.82709092e+00  0.00000000e+00 -5.18652671e+00]
 [-5.14077510e-18  2.00000000e+00 -6.00000000e+00]]
[[-0.99817651 -0.36271791 -8.        ]
 [ 2.04912434  1.56444518 -7.        ]
 [ 1.94905217  3.79827273 -9.        ]]
[[-2.         -1.93474202 -3.58797734]
 [ 2.         -1.93474202 -3.58797734]
 [ 0.          1.86948404 -4.82404532]]
[[-1.90211303e+00  0.00000000e+00 -6.61803399e+00]
 [ 1.90211303e+00  0.00000000e+00 -5.38196601e+00]
 [-6.74384540e-18  2.00000000e+00 -6.00000000e+00]]
[[-0.77510183 -0.56046705 -8.        ]
 [ 2.05406218  1.67466851 -7.        ]
 [ 1.72103965  3.88579854 -9.        ]]
[[-2.         -1.97086347 -3.72278441]
 [ 2.         -1.97086347 -3.72278441]
 [ 0.          1.94172694 -4.55443118]]
[[-1.95629520e+00  0.00000000e+00 -6.41582338e+00]
 [ 1.95629520e+00  0.00000000e+00 -5.58417662e+00]
 [-8.74652237e-18  2.00000000e+00 -6.00000000e+00]]
[[-0.53257878 -0.73381524 -8.        ]
 [ 2.0474515   1.78480418 -7.        ]
 [ 1.48512728  3.94901107 -9.        ]]
[[-2.         -1.99269586 -3.86062872]
 [ 2.         -1.99269586 -3.86062872]
 [ 0.          1.98539172 -4.27874257]]
[[-1.98904379e+00  0.00000000e+00 -6.20905693e+00]
 [ 1.98904379e+00  0.00000000e+00 -5.79094307e+00]
 [-1.07418854e-17  2.00000000e+00 -6.00000000e+00]]
[[-0.27326446 -0.88086326 -8.        ]
 [ 2.02936472  1.8936455  -7.        ]
 [ 1.24389975  3.98721776 -9.        ]]
